IRIDIUM 33              
1 24946U 97051C   26126.59750032  .00000260  00000+0  83998-4 0  9993
2 24946  86.3904   7.4149 0009979  99.0645 261.1681 14.35132534499120
IRIDIUM 33 DEB          
1 33773U 97051L   26126.60076482  .00000813  00000+0  23398-3 0  9994
2 33773  86.4037 359.2008 0012697  42.3233 317.8945 14.43591504904378
IRIDIUM 33 DEB          
1 33775U 97051N   26126.37786998  .00001307  00000+0  39269-3 0  9993
2 33775  86.3644 347.8024 0014629  50.2535 133.3580 14.41921000902240
IRIDIUM 33 DEB          
1 33776U 97051P   26126.45692617  .00000675  00000+0  21426-3 0  9990
2 33776  86.4076  19.9758 0016703  82.9287  90.1908 14.38494908901626
IRIDIUM 33 DEB          
1 33777U 97051Q   26126.27708426  .00002626  00000+0  58438-3 0  9998
2 33777  86.3774 332.2965 0008726 121.9126 238.2932 14.56607830906373
IRIDIUM 33 DEB          
1 33850U 97051T   26126.55676520  .00001050  00000+0  31016-3 0  9993
2 33850  86.3401 327.9131 0013185  57.6950 322.2758 14.42602041902407
IRIDIUM 33 DEB          
1 33853U 97051W   26126.41840162  .00001615  00000+0  90154-3 0  9991
2 33853  85.9963 286.3323 0209402 152.1917 241.3435 13.99779231873690
IRIDIUM 33 DEB          
1 33860U 97051AD  26126.50185003  .00004977  00000+0  83046-3 0  9991
2 33860  86.3810 323.0428 0007918 186.6801 195.1615 14.69764587908478
IRIDIUM 33 DEB          
1 33862U 97051AF  26126.32903595  .00005974  00000+0  91160-3 0  9991
2 33862  86.4088 333.6022 0046587 288.6416 245.5795 14.72963689909495
IRIDIUM 33 DEB          
1 33866U 97051AK  26126.24213395  .00003885  00000+0  15059-2 0  9999
2 33866  86.3029  31.8485 0116541  57.0386 101.5134 14.26097668888695
IRIDIUM 33 DEB          
1 33870U 97051AP  26126.16391780  .00001857  00000+0  50734-3 0  9997
2 33870  86.3768 356.3284 0022849  64.9687  64.2235 14.46661897902248
IRIDIUM 33 DEB          
1 33881U 97051BA  26126.20994146  .00015068  00000+0  29899-2 0  9995
2 33881  86.3838  43.7110 0061683  45.2471 107.8701 14.60899395896061
IRIDIUM 33 DEB          
1 33884U 97051BD  26126.43473966  .00012245  00000+0  15411-2 0  9994
2 33884  86.3652 304.2701 0011771 158.3921 218.8390 14.81908277909872
IRIDIUM 33 DEB          
1 33886U 97051BF  26126.40539691  .00000433  00000+0  14136-3 0  9991
2 33886  86.3864   6.3338 0015592 127.4218  45.8265 14.36227995901283
IRIDIUM 33 DEB          
1 33887U 97051BG  26125.95118480  .00000385  00000+0  12217-3 0  9994
2 33887  86.3003 301.2590 0008020 119.5099  42.8788 14.37367219902365
IRIDIUM 33 DEB          
1 33953U 97051BN  26125.07405435  .00003053  00000+0  67549-3 0  9993
2 33953  86.3869 351.5089 0016129 345.7818 176.6196 14.56873067903893
IRIDIUM 33 DEB          
1 33960U 97051BV  26126.52165953  .00015157  00000+0  14524-2 0  9992
2 33960  86.2554 220.7898 0002135 173.6656 203.4787 14.93058835910225
IRIDIUM 33 DEB          
1 33966U 97051CB  26126.60932144  .00001511  00000+0  38292-3 0  9999
2 33966  86.3929 343.8464 0009748  80.6344 333.0952 14.50255839905417
IRIDIUM 33 DEB          
1 34071U 97051CE  26126.45452817  .00001740  00000+0  44216-3 0  9991
2 34071  86.3420 314.9073 0007362   3.2112 356.9138 14.50225114904311
IRIDIUM 33 DEB          
1 34077U 97051CL  26126.58150811  .00006360  00000+0  11188-2 0  9994
2 34077  86.3862 347.5722 0006840 247.9529 142.9258 14.67481015904553
IRIDIUM 33 DEB          
1 34079U 97051CN  26126.44959819  .00011407  00000+0  12226-2 0  9998
2 34079  86.3724 302.5538 0006538 173.1236 215.1727 14.88550764911279
IRIDIUM 33 DEB          
1 34088U 97051CX  26126.33217032  .00024635  00000+0  18941-2 0  9997
2 34088  86.3801 323.7275 0004485  54.5065 122.5845 15.01593100909040
IRIDIUM 33 DEB          
1 34091U 97051DA  26126.61006954  .00016688  00000+0  15686-2 0  9993
2 34091  86.3473 359.8515 0029055 134.6168 225.7438 14.93493685900211
IRIDIUM 33 DEB          
1 34097U 97051DG  26126.44903373  .00003106  00000+0  10275-2 0  9991
2 34097  86.1948 297.4681 0079747 247.8247 111.4473 14.35896643891958
IRIDIUM 33 DEB          
1 34145U 97051DY  26126.12760081  .00002698  00000+0  78096-3 0  9998
2 34145  86.2085 268.1327 0050993 339.6509  20.2658 14.43428788897206
IRIDIUM 33 DEB          
1 34146U 97051DZ  26126.43845684  .00002720  00000+0  69376-3 0  9993
2 34146  86.2791 285.8222 0028655 103.2097 285.6685 14.50007653902035
IRIDIUM 33 DEB          
1 34159U 97051EN  26126.33063152  .00000832  00000+0  26288-3 0  9995
2 34159  86.3522 346.5966 0027931 168.2163 191.9696 14.38879594900387
IRIDIUM 33 DEB          
1 34350U 97051ES  26125.50496646  .00001082  00000+0  29854-3 0  9994
2 34350  86.3230 300.4159 0021802  27.5749  26.2963 14.45810415903708
IRIDIUM 33 DEB          
1 34366U 97051FJ  26126.06773973  .00003646  00000+0  83107-3 0  9993
2 34366  86.3694 346.4768 0021171  20.9408 130.9187 14.55476062902801
IRIDIUM 33 DEB          
1 34375U 97051FT  26125.97851440  .00000940  00000+0  42497-3 0  9999
2 34375  86.4274 124.5706 0102974  29.9908 359.4955 14.18278167887569
IRIDIUM 33 DEB          
1 34376U 97051FU  26126.23043883  .00007740  00000+0  14203-2 0  9992
2 34376  86.2921 301.4094 0025778  42.6961 317.6249 14.65409730901215
IRIDIUM 33 DEB          
1 34486U 97051GB  26126.46294814  .00024089  00000+0  16715-2 0  9996
2 34486  86.3865 304.6707 0006811 309.8100  79.9971 15.05454951911571
IRIDIUM 33 DEB          
1 34487U 97051GC  26126.28588991  .00000534  00000+0  15127-3 0  9995
2 34487  86.3397 310.1566 0031403  16.5433 161.2201 14.43446590903330
IRIDIUM 33 DEB          
1 34492U 97051GH  26124.16796531  .00012168  00000+0  39999-2 0  9995
2 34492  86.4706 276.9081 0185509 139.2496 348.0458 14.28836104870903
IRIDIUM 33 DEB          
1 34497U 97051GN  26124.08289083  .00001217  00000+0  46833-3 0  9999
2 34497  86.2799 351.5861 0077264 239.0825 274.6544 14.27978763889140
IRIDIUM 33 DEB          
1 34508U 97051GZ  26126.52432245  .00003283  00000+0  10201-2 0  9997
2 34508  86.3721  41.1729 0066788  58.3565 302.4126 14.39494000893912
IRIDIUM 33 DEB          
1 34521U 97051HN  26126.51081625  .00005131  00000+0  94635-3 0  9991
2 34521  86.3774 326.7210 0005087 113.0123 247.1627 14.65346682905912
IRIDIUM 33 DEB          
1 34525U 97051HS  26126.60272279  .00000902  00000+0  26216-3 0  9993
2 34525  86.3738 345.0160 0004219   3.1056  25.2567 14.43300326901773
IRIDIUM 33 DEB          
1 34529U 97051HW  26126.58151369  .00000599  00000+0  18109-3 0  9994
2 34529  86.3630 333.6854 0007096  86.6759 273.5253 14.40807772902273
IRIDIUM 33 DEB          
1 34538U 97051JF  26126.24135766  .00002209  00000+0  64302-3 0  9996
2 34538  86.2724 302.2244 0033276 204.1965 214.9162 14.43527931898402
IRIDIUM 33 DEB          
1 34540U 97051JH  26126.56504760  .00007484  00000+0  10167-2 0  9997
2 34540  86.3098 241.1877 0015049  35.0478 339.1349 14.78634897911592
IRIDIUM 33 DEB          
1 34648U 97051JZ  26126.50117666  .00006656  00000+0  29939-2 0  9992
2 34648  86.3940 223.3733 0177441 199.8249 159.5983 14.14196534870054
IRIDIUM 33 DEB          
1 34651U 97051KC  26125.84771612  .00006986  00000+0  25406-2 0  9990
2 34651  86.2786  79.0939 0137672  98.6026 263.0792 14.27940226879518
IRIDIUM 33 DEB          
1 34652U 97051KD  26125.40847029  .00005115  00000+0  97953-3 0  9999
2 34652  86.3276 275.9485 0028638 161.6452 270.5366 14.63392569905849
IRIDIUM 33 DEB          
1 34690U 97051KM  26126.56761838  .00001925  00000+0  43595-3 0  9990
2 34690  86.3776 334.0343 0007726 239.7392 148.7190 14.55677597902016
IRIDIUM 33 DEB          
1 34696U 97051KT  26126.29011049  .00018855  00000+0  26742-2 0  9992
2 34696  86.1827 319.6544 0060462  31.2793 146.1155 14.75626228887972
IRIDIUM 33 DEB          
1 34765U 97051LJ  26125.53928955  .00001089  00000+0  33294-3 0  9990
2 34765  86.3381 331.0620 0018461 102.6573 287.0920 14.40882462896847
IRIDIUM 33 DEB          
1 34833U 97051MH  26126.12098398  .00002195  00000+0  52192-3 0  9998
2 34833  86.3943 348.7390 0018692 338.9506 151.7463 14.53369687898116
IRIDIUM 33 DEB          
1 34870U 97051MQ  26125.61020616  .00010635  00000+0  14139-2 0  9996
2 34870  86.3088 247.9936 0016976  58.5484 312.8260 14.79548732910361
IRIDIUM 33 DEB          
1 34896U 97051MY  26126.12402955  .00004322  00000+0  74939-3 0  9992
2 34896  86.3270 261.8274 0027441  85.0915  39.4146 14.67805130897369
IRIDIUM 33 DEB          
1 34926U 97051NF  26125.46953494  .00030187  00000+0  58852-2 0  9994
2 34926  86.1323 301.2433 0072490 166.0746 224.2189 14.61170894885513
IRIDIUM 33 DEB          
1 34985U 97051NR  26125.09310016  .00001436  00000+0  42468-3 0  9997
2 34985  86.3722 355.7097 0023183 108.7227  43.4991 14.42682459892418
IRIDIUM 33 DEB          
1 35051U 97051NX  26123.48369582  .00001949  00000+0  51624-3 0  9998
2 35051  86.3200 307.0583 0007726 352.3669   7.7416 14.48314653890479
IRIDIUM 33 DEB          
1 35052U 97051NY  26126.25797366  .00000472  00000+0  14753-3 0  9994
2 35052  86.3280 318.5363 0010514 339.4472  20.6302 14.38686965893533
IRIDIUM 33 DEB          
1 35080U 97051PF  26126.34217010  .00102441  00000+0  51172-2 0  9992
2 35080  86.2159 341.7516 0031866  14.4713 345.7433 15.16587133718566
IRIDIUM 33 DEB          
1 35297U 97051PM  26119.42483574  .00001693  00000+0  47088-3 0  9992
2 35297  86.3902   3.9750 0017806  50.7594 309.5185 14.45814462724151
IRIDIUM 33 DEB          
1 35299U 97051PP  26126.55813252  .00003157  00000+0  93756-3 0  9996
2 35299  86.2870 330.0931 0055173 346.6163  41.8169 14.42116045884175
IRIDIUM 33 DEB          
1 35480U 97051QA  26126.28974889  .00001709  00000+0  43126-3 0  9999
2 35480  86.3533 322.2265 0013129 351.3031   8.7944 14.50515668891263
IRIDIUM 33 DEB          
1 35484U 97051QE  26124.19425280  .00044968  00000+0  25867-2 0  9992
2 35484  86.3449 285.2604 0011625 328.5443  31.5100 15.12213984641592
IRIDIUM 33 DEB          
1 35488U 97051QJ  26126.56431136  .00008699  00000+0  97558-3 0  9994
2 35488  86.3264 233.8956 0023768 241.8660 118.0163 14.86496184904158
IRIDIUM 33 DEB          
1 35616U 97051QN  26126.40626802  .00010466  00000+0  11883-2 0  9997
2 35616  86.3499 279.4656 0009233  42.6114 317.5825 14.86183549897202
IRIDIUM 33 DEB          
1 35618U 97051QQ  26114.22865173  .00001209  00000+0  28755-3 0  9994
2 35618  86.3344 295.5416 0026280 294.7776  65.0696 14.52870281673179
IRIDIUM 33 DEB          
1 35620U 97051QS  26126.35897317  .00005612  00000+0  15373-2 0  9992
2 35620  86.3898 156.3097 0138131 141.0091 220.1169 14.41461862620471
IRIDIUM 33 DEB          
1 35622U 97051QU  26124.67812727  .00056221  00000+0  26269-2 0  9997
2 35622  86.1924 192.2100 0009022 115.0843  15.6202 15.19529325895202
IRIDIUM 33 DEB          
1 35628U 97051RA  26124.22837128  .00006175  00000+0  10267-2 0  9990
2 35628  86.3527 305.4029 0010864 189.0292 171.0730 14.69936307885389
IRIDIUM 33 DEB          
1 35631U 97051RD  26126.30968890  .00000851  00000+0  22471-3 0  9992
2 35631  86.3642 318.7264 0017031   6.7162 170.8106 14.47746682892881
IRIDIUM 33 DEB          
1 35680U 97051RJ  26125.30904317  .00004868  00000+0  19290-2 0  9995
2 35680  86.1034 317.8652 0147896 181.0570 301.1706 14.22886853627410
IRIDIUM 33 DEB          
1 35744U 97051RX  26123.79746613  .00006765  00000+0  10434-2 0  9999
2 35744  86.3265 261.1095 0022077  72.0040 288.3581 14.73099400894216
IRIDIUM 33 DEB          
1 35797U 97051SF  26124.15434580  .00012336  00000+0  13660-2 0  9990
2 35797  86.3331 264.2688 0010396  28.4832 331.6959 14.87203628894546
IRIDIUM 33 DEB          
1 35806U 97051SQ  26124.79990091  .00003959  00000+0  83916-3 0  9998
2 35806  86.3410 317.5638 0011690 313.1208  46.9023 14.58963259884099
IRIDIUM 33 DEB          
1 35809U 97051ST  26123.68143889  .00011798  00000+0  15898-2 0  9996
2 35809  86.3226 270.5035 0013776 113.7753 246.4914 14.79017401889039
IRIDIUM 33 DEB          
1 35846U 97051SW  26124.08511396  .00001407  00000+0  40722-3 0  9995
2 35846  86.3776 358.0801 0020029  66.1124 294.2173 14.43750055733828
IRIDIUM 33 DEB          
1 35848U 97051SY  26124.80551110  .00010269  00000+0  12778-2 0  9990
2 35848  86.3860 311.5828 0009599  71.9595 288.2673 14.82392404688079
IRIDIUM 33 DEB          
1 35850U 97051TA  26122.16423679  .00013763  00000+0  17098-2 0  9990
2 35850  86.3444 280.1463 0010886  76.4877 283.7557 14.82458618734354
IRIDIUM 33 DEB          
1 35915U 97051TY  26123.17959467  .00015108  00000+0  17657-2 0  9999
2 35915  86.3391 278.0707 0011850  70.8014 289.4492 14.84978769101824
IRIDIUM 33 DEB          
1 35918U 97051UB  26125.01768729  .00003100  00000+0  75048-3 0  9994
2 35918  86.4045  14.2513 0028199  53.3244  11.8650 14.52506490872869
IRIDIUM 33 DEB          
1 35929U 97051UN  26126.57500729  .00036498  00000+0  19583-2 0  9999
2 35929  86.3381 243.3934 0015200 208.0875 151.9546 15.14694696899632
IRIDIUM 33 DEB          
1 36011U 97051US  26124.37814995  .00001123  00000+0  33698-3 0  9992
2 36011  86.3402 334.1627 0020518 108.9305  13.9441 14.41821202665952
IRIDIUM 33 DEB          
1 36012U 97051UT  26125.59197007  .00004651  00000+0  16658-2 0  9991
2 36012  86.4392 249.4013 0221029 163.0740 197.7981 14.21071644675264
IRIDIUM 33 DEB          
1 36028U 97051VK  26125.59454948  .00029803  00000+0  21824-2 0  9995
2 36028  86.3219 238.5740 0014882 236.0733 123.9087 15.03342336892803
IRIDIUM 33 DEB          
1 36080U 97051VM  26121.77793910  .00001847  00000+0  49910-3 0  9999
2 36080  86.3167 306.9571 0019036  60.5701 299.7399 14.47230814494390
IRIDIUM 33 DEB          
1 36083U 97051VQ  26124.31126996  .00001352  00000+0  38963-3 0  9996
2 36083  86.3431 332.7728 0028204 112.8661 247.5523 14.43788886875061
IRIDIUM 33 DEB          
1 36390U 97051VU  26123.57485515  .00006114  00000+0  88514-3 0  9997
2 36390  86.2917 234.2459 0029730  40.7720 319.5715 14.75665622683525
IRIDIUM 33 DEB          
1 36483U 97051VZ  26124.37109980  .00001298  00000+0  35604-3 0  9998
2 36483  86.3817 351.4302 0010223  27.7417 332.4328 14.46367908672078
IRIDIUM 33 DEB          
1 36490U 97051WG  26124.94711660  .00010060  00000+0  13276-2 0  9990
2 36490  86.3605 305.6577 0000742 293.5059  66.6084 14.79964594886001
IRIDIUM 33 DEB          
1 36493U 97051WK  26125.23167291  .00007337  00000+0  12948-2 0  9999
2 36493  86.3535 307.8203 0009147 207.2701 152.8034 14.67338752766211
IRIDIUM 33 DEB          
1 36497U 97051WP  26120.45525925  .00005368  00000+0  96970-3 0  9994
2 36497  86.1576 189.0700 0044911  11.2576 348.9630 14.65611634676829
IRIDIUM 33 DEB          
1 37548U 97051XH  26123.86688658  .00002680  00000+0  64948-3 0  9997
2 37548  86.3518 341.4770 0026823  76.8556 283.5641 14.52444358675944
IRIDIUM 33 DEB          
1 37550U 97051XK  26120.28820587  .00006067  00000+0  10207-2 0  9993
2 37550  86.3751 322.3686 0003884  36.6998 323.4483 14.69457114883666
IRIDIUM 33 DEB          
1 37562U 97051XX  26121.39951569  .00004583  00000+0  99004-3 0  9998
2 37562  86.3756 342.6477 0024184   0.0495 119.5772 14.57972208883624
IRIDIUM 33 DEB          
1 37565U 97051YA  26099.33400274  .00001712  00000+0  41706-3 0  9998
2 37565  86.3473 318.3481 0014606  52.1997 308.0529 14.52140920675437
IRIDIUM 33 DEB          
1 38017U 97051YD  26125.91111998  .00007209  00000+0  16769-2 0  9994
2 38017  86.3371 103.2997 0084046 349.3615  10.5808 14.52608428634930
IRIDIUM 33 DEB          
1 38022U 97051YJ  26122.79255312  .00002785  00000+0  82734-3 0  9992
2 38022  86.2651 314.6269 0042654 304.4493  55.2680 14.42417946712260
IRIDIUM 33 DEB          
1 38028U 97051YQ  26124.74483022  .00000725  00000+0  19456-3 0  9999
2 38028  86.3211 298.0886 0028026  12.2227 347.9650 14.46631710675622
IRIDIUM 33 DEB          
1 38228U 97051ZC  26124.92159932  .00000645  00000+0  24845-3 0  9990
2 38228  86.2962 347.6057 0065891  89.5793 334.2014 14.27538748868244
IRIDIUM 33 DEB          
1 38241U 97051ZR  26123.20425630  .00003152  00000+0  71464-3 0  9991
2 38241  86.3176 288.1350 0001616 336.5865  23.5269 14.55836251622588
IRIDIUM 33 DEB          
1 38474U 97051AAB 26123.25452926  .00001638  00000+0  40432-3 0  9990
2 38474  86.3369 308.3695 0024369 337.7716  22.2430 14.51398139673705
IRIDIUM 33 DEB          
1 39777U 97051AAJ 26124.65924642  .00015194  00000+0  30577-2 0  9991
2 39777  85.9577 105.4513 0060864  65.0463 295.7054 14.60292575622680
IRIDIUM 33 DEB          
1 39778U 97051AAK 26125.03610183  .00002959  00000+0  67520-3 0  9991
2 39778  86.3781 340.9767 0004763 263.6183  96.4482 14.55507355627765
IRIDIUM 33 DEB          
1 39781U 97051AAN 26125.46208450  .00016142  00000+0  59137-2 0  9995
2 39781  86.3756 198.6356 0177834 171.4215 207.0574 14.24337408101502
IRIDIUM 33 DEB          
1 40996U 97051ABJ 26124.23855618  .00043187  00000+0  27197-2 0  9993
2 40996  86.3415 294.1091 0005740 216.4275 266.3288 15.08972812646280
IRIDIUM 33 DEB          
1 40998U 97051ABL 26125.38882976  .00001418  00000+0  39575-3 0  9994
2 40998  86.3847 352.2841 0006640 339.3288 199.9941 14.45645896 87565
IRIDIUM 33 DEB          
1 46435U 97051ABN 26124.78337219  .00007076  00000+0  18206-2 0  9997
2 46435  86.2804 132.0015 0200160 164.5227  13.0618 14.38662847 99691
IRIDIUM 33 DEB          
1 46734U 97051ABR 26118.77406775  .00002781  00000+0  82109-3 0  9997
2 46734  86.2580 302.6594 0037955 238.7248 137.1241 14.42834568649864
IRIDIUM 33 DEB          
1 46965U 97051ABX 26123.89066829  .00003607  00000+0  72338-3 0  9995
2 46965  86.3311 277.5827 0018680 196.1364 316.1277 14.61380700643432
IRIDIUM 33 DEB          
1 46971U 97051ACD 26116.16693559  .00047558  00000+0  31213-2 0  9999
2 46971  86.3145 269.2889 0007067 181.1926 306.0754 15.07424987662497
IRIDIUM 33 DEB          
1 46972U 97051ACE 26121.35695721  .00001883  00000+0  46759-3 0  9993
2 46972  86.3872 339.2922 0009359  13.6253 111.5367 14.51350828635971
IRIDIUM 33 DEB          
1 46974U 97051ACG 26125.50402181  .00012108  00000+0  31054-2 0  9995
2 46974  86.2999  42.3138 0092703  68.2931 292.8110 14.47630978595861
