DMSP 5D-3 F16 (USA 172) 
1 28054U 03048A   26126.59131958  .00000022  00000+0  35161-4 0  9995
2 28054  98.9920 150.1391 0005898 263.8983 258.2860 14.14479044163602
METEOSAT-9 (MSG-2)      
1 28912U 05049B   26125.84362170  .00000131  00000+0  00000+0 0  9990
2 28912   9.2674  54.5755 0000892  25.8122 132.8584  1.00279737  6577
DMSP 5D-3 F17 (USA 191) 
1 29522U 06050A   26126.59129983  .00000082  00000+0  64511-4 0  9994
2 29522  98.7391 134.0114 0010260 168.0924 192.0494 14.14985725  6542
FENGYUN 3A              
1 32958U 08026A   26126.32090681  .00000090  00000+0  63301-4 0  9994
2 32958  98.6865  67.9425 0007634 246.2572 113.7804 14.19562301929468
GOES 14                 
1 35491U 09033A   26126.61751963 -.00000088  00000+0  00000+0 0  9997
2 35491   1.5831  83.5177 0002007 331.9816 196.4213  1.00118286  6170
DMSP 5D-3 F18 (USA 210) 
1 35951U 09057A   26126.55975630  .00000257  00000+0  15627-3 0  9998
2 35951  98.9024 107.4248 0011406  15.5211 344.6310 14.14872663853706
EWS-G2 (GOES 15)        
1 36411U 10008A   26126.59438201  .00000030  00000+0  00000+0 0  9994
2 36411   1.1661  83.5915 0004677  25.7376  32.4017  1.00273833 59229
COMS 1                  
1 36744U 10032A   26126.54958831 -.00000335  00000+0  00000+0 0  9990
2 36744   4.6992  75.9025 0001173 340.4221 134.0822  1.00271091 50671
FENGYUN 3B              
1 37214U 10059A   26126.59770009  .00000077  00000+0  63349-4 0  9998
2 37214  98.9649 172.4286 0021223 306.7475 206.3566 14.14831787801546
SUOMI NPP               
1 37849U 11061A   26126.61265646  .00000070  00000+0  54075-4 0  9994
2 37849  98.7936  67.7779 0002865  85.3760 274.7743 14.19508361752543
METEOSAT-10 (MSG-3)     
1 38552U 12035B   26126.11966616  .00000002  00000+0  00000+0 0  9997
2 38552   4.5730  61.1954 0002116 325.6048 240.3561  1.00270368 50438
METOP-B                 
1 38771U 12049A   26126.58817576  .00000103  00000+0  67044-4 0  9994
2 38771  98.6535 178.9107 0003575 104.2787 255.8788 14.21436409707355
INSAT-3D                
1 39216U 13038B   26126.62446079 -.00000330  00000+0  00000+0 0  9996
2 39216   1.8188  83.0405 0001226 294.1625 201.6109  1.00272793 46661
FENGYUN 3C              
1 39260U 13052A   26126.62894417  .00000071  00000+0  57165-4 0  9994
2 39260  98.4960 102.4187 0015360 139.3642 220.8682 14.15745223652683
METEOR-M 2              
1 40069U 14037A   26126.61528257  .00000256  00000+0  13619-3 0  9992
2 40069  98.5098 103.8328 0006144 146.6412 213.5154 14.21450734613411
HIMAWARI-8              
1 40267U 14060A   26126.57533591 -.00000267  00000+0  00000+0 0  9999
2 40267   0.0277  86.1247 0001028 340.2534 145.8581  1.00272499 42346
FENGYUN 2G              
1 40367U 14090A   26126.61122874 -.00000294  00000+0  00000+0 0  9996
2 40367   5.5348  73.3061 0002608 135.9363 335.0414  1.00269295 41585
METEOSAT-11 (MSG-4)     
1 40732U 15034A   26126.26411802  .00000070  00000+0  00000+0 0  9995
2 40732   3.0977  71.3286 0001558 347.3744 269.8689  1.00267134  6796
ELEKTRO-L 2             
1 41105U 15074A   26126.61580943 -.00000109  00000+0  00000+0 0  9990
2 41105   6.5911  71.0244 0001879 271.7346  88.8755  1.00271223 38097
INSAT-3DR               
1 41752U 16054A   26126.56998535 -.00000070  00000+0  00000+0 0  9998
2 41752   0.1381  87.3198 0010998 193.7676 222.5473  1.00272735 35400
HIMAWARI-9              
1 41836U 16064A   26126.57542258 -.00000267  00000+0  00000+0 0  9998
2 41836   0.0377 127.6373 0001363 306.9222 137.8058  1.00271431 34791
GOES 16                 
1 41866U 16071A   26126.62350321 -.00000083  00000+0  00000+0 0  9999
2 41866   0.2363  85.6326 0001145 275.2267 343.3761  1.00272840 34685
FENGYUN 4A              
1 41882U 16077A   26126.64332562 -.00000348  00000+0  00000+0 0  9996
2 41882   2.2181  80.7072 0008117 143.9641 355.1692  1.00274789 34510
CYGFM05                 
1 41884U 16078A   26126.46864033  .00018363  00000+0  26594-3 0  9997
2 41884  34.9558 176.4472 0006933 125.0057 235.1318 15.54899707522257
CYGFM04                 
1 41885U 16078B   26126.43405679  .00024008  00000+0  29507-3 0  9992
2 41885  34.9316 146.3517 0006926 171.4727 188.6117 15.59241848522472
CYGFM02                 
1 41886U 16078C   26126.44254008  .00026762  00000+0  29930-3 0  9991
2 41886  34.9396 141.9191 0008100 171.8283 188.2576 15.61667655522631
CYGFM01                 
1 41887U 16078D   26126.53889947  .00019282  00000+0  27285-3 0  9998
2 41887  34.9389 177.3652 0006567 119.2518 240.8863 15.55522162522215
CYGFM08                 
1 41888U 16078E   26126.50184270  .00021809  00000+0  28188-3 0  9994
2 41888  34.9421 158.2242 0008447 150.3799 209.7405 15.57914015522469
CYGFM07                 
1 41890U 16078G   26126.39947386  .00022283  00000+0  28719-3 0  9996
2 41890  34.9436 147.2802 0007327 169.3914 190.6967 15.57996807522474
CYGFM03                 
1 41891U 16078H   26126.43446414  .00021968  00000+0  28319-3 0  9993
2 41891  34.9393 148.9994 0006355 158.7266 201.3724 15.58000287522457
FENGYUN 3D              
1 43010U 17072A   26126.56709509 -.00000097  00000+0 -23975-4 0  9990
2 43010  99.0110 100.2442 0001864 131.5997 228.5339 14.19729599439089
NOAA 20 (JPSS-1)        
1 43013U 17073A   26126.48497427  .00000065  00000+0  51831-4 0  9993
2 43013  98.7755  66.3223 0001917  59.1449 300.9916 14.19549807438557
GOES 17                 
1 43226U 18022A   26126.60107604 -.00000175  00000+0  00000+0 0  9993
2 43226   0.8314  86.2841 0000766 317.4391 307.6380  1.00271907 30008
FENGYUN 2H              
1 43491U 18050A   26126.63452951 -.00000122  00000+0  00000+0 0  9991
2 43491   2.9251  79.5420 0001262 142.5241 310.2208  1.00274546 29027
METOP-C                 
1 43689U 18087A   26126.60969491  .00000115  00000+0  72254-4 0  9995
2 43689  98.6668 186.9675 0000341  56.1920 303.9290 14.21500773388924
GEO-KOMPSAT-2A          
1 43823U 18100A   26126.57290924 -.00000336  00000+0  00000+0 0  9996
2 43823   0.0438  96.6790 0002307 337.4657 124.8088  1.00271269 27212
METEOR-M2 2             
1 44387U 19038A   26126.58852090  .00000144  00000+0  82220-4 0  9997
2 44387  98.9137 113.2646 0002091 111.2545 248.8857 14.24354313355374
ARKTIKA-M 1             
1 47719U 21016A   26126.12455267 -.00000147  00000+0  00000+0 0  9998
2 47719  63.2266  63.7141 7272544 269.7355  14.8736  2.00605981 37948
FENGYUN 3E              
1 49008U 21062A   26126.62614381  .00000222  00000+0  12553-3 0  9994
2 49008  98.7502 130.4974 0001344 162.7201 197.4021 14.19901422250681
GOES 18                 
1 51850U 22021A   26126.63587965  .00000104  00000+0  00000+0 0  9995
2 51850   0.0383  82.5384 0000653  15.3620 218.5184  1.00271589  6172
NOAA 21 (JPSS-2)        
1 54234U 22150A   26126.58965185  .00000071  00000+0  54173-4 0  9993
2 54234  98.7043  66.0817 0001270 359.1229   0.9945 14.19557874180647
METEOSAT-12 (MTG-I1)    
1 54743U 22170C   26126.54742914  .00000000  00000+0  00000+0 0  9996
2 54743   0.7346  23.9106 0001023   1.5584  35.6468  1.00271872 12569
TIANMU-1 03             
1 55973U 23039A   26126.57896257  .00013354  00000+0  27437-3 0  9993
2 55973  97.5228 298.9619 0002060 225.4923 134.6158 15.46124291174402
TIANMU-1 04             
1 55974U 23039B   26126.51921183  .00015269  00000+0  30747-3 0  9990
2 55974  97.5162 298.0526 0002725 224.5157 135.5874 15.46680321174401
TIANMU-1 05             
1 55975U 23039C   26126.55784764  .00013265  00000+0  27319-3 0  9992
2 55975  97.5208 298.5702 0001482 260.5480  99.5602 15.46058162174389
TIANMU-1 06             
1 55976U 23039D   26126.58495765  .00013432  00000+0  27150-3 0  9995
2 55976  97.5216 299.1932 0001854 249.9177 110.1872 15.46601923174410
FENGYUN 3G              
1 56232U 23055A   26126.61559494  .00021025  00000+0  33765-3 0  9999
2 56232  49.9917 200.4649 0006138   5.8044 354.2993 15.52921765173541
METEOR-M2 3             
1 57166U 23091A   26126.64366851 -.00000001  00000+0  18210-4 0  9993
2 57166  98.6109 182.4652 0002827 299.2695  60.8201 14.24043256148606
TIANMU-1 07             
1 57399U 23101A   26126.62351858  .00005986  00000+0  21262-3 0  9998
2 57399  97.2619 178.2544 0000449 296.2939  63.8256 15.29391947155299
TIANMU-1 08             
1 57400U 23101B   26126.59083172  .00005372  00000+0  19090-3 0  9993
2 57400  97.2607 177.9978 0002170 253.2618 106.8385 15.29419437155281
TIANMU-1 09             
1 57401U 23101C   26126.57448120  .00005664  00000+0  20105-3 0  9993
2 57401  97.2565 177.4204 0000987 302.3508  57.7637 15.29432578155285
TIANMU-1 10             
1 57402U 23101D   26126.60694706  .00006111  00000+0  21649-3 0  9993
2 57402  97.2644 178.4598 0002293 280.7155  79.3827 15.29467712155289
FENGYUN 3F              
1 57490U 23111A   26126.61098065  .00000061  00000+0  49338-4 0  9992
2 57490  98.6846 197.3907 0001099 116.1368 243.9922 14.19931876142961
ARKTIKA-M 2             
1 58584U 23198A   26126.38721155  .00000160  00000+0  00000+0 0  9997
2 58584  63.2195 159.0205 6891147 267.5568  18.8210  2.00595048 17488
TIANMU-1 11             
1 58645U 23205A   26126.56656476  .00005036  00000+0  19505-3 0  9998
2 58645  97.3475 148.7863 0010164 142.6814 217.5133 15.26568380131179
TIANMU-1 12             
1 58646U 23205B   26126.60132003  .00005488  00000+0  21268-3 0  9999
2 58646  97.3462 148.5851 0008844 126.9290 233.2760 15.26519281131162
TIANMU-1 13             
1 58647U 23205C   26126.49914536  .00005626  00000+0  21758-3 0  9994
2 58647  97.3491 148.7493 0009393 112.3943 247.8292 15.26573788131144
TIANMU-1 14             
1 58648U 23205D   26126.61608822  .00005431  00000+0  21064-3 0  9991
2 58648  97.3426 148.0802 0010035 114.5828 245.6457 15.26489498131166
TIANMU-1 19             
1 58660U 23208A   26126.59444634  .00007969  00000+0  26896-3 0  9990
2 58660  97.4458 242.7147 0006476 103.5232 256.6731 15.30944724130968
TIANMU-1 20             
1 58661U 23208B   26126.59926193  .00008105  00000+0  26347-3 0  9990
2 58661  97.4399 243.3119 0008597 110.6936 249.5228 15.32134739131057
TIANMU-1 21             
1 58662U 23208C   26126.58340124  .00008755  00000+0  26546-3 0  9996
2 58662  97.4458 245.8010 0008543 105.0628 255.1560 15.34336772131187
TIANMU-1 22             
1 58663U 23208D   26126.56288104  .00007080  00000+0  24281-3 0  9998
2 58663  97.4454 242.6527 0005110 120.9522 239.2221 15.30473820130962
TIANMU-1 15             
1 58700U 24004A   26126.61253086  .00005694  00000+0  22018-3 0  9997
2 58700  97.4678 312.8073 0008260 128.5592 231.6388 15.26591157129437
TIANMU-1 16             
1 58701U 24004B   26126.46352443  .00005672  00000+0  21919-3 0  9993
2 58701  97.4623 311.9417 0006679 129.8000 230.3828 15.26627497129410
TIANMU-1 17             
1 58702U 24004C   26126.57978059  .00005927  00000+0  23101-3 0  9991
2 58702  97.4651 312.5276 0006622 134.0432 226.1353 15.26321334129425
TIANMU-1 18             
1 58703U 24004D   26126.56327118  .00005194  00000+0  20127-3 0  9996
2 58703  97.4669 312.7404 0005313 127.2956 232.8767 15.26585350129424
INSAT-3DS               
1 58990U 24033A   26126.42115436 -.00000148  00000+0  00000+0 0  9998
2 58990   0.1144  88.4143 0001954 314.6463  54.9116  1.00272085 46659
METEOR-M2 4             
1 59051U 24039A   26126.61123475  .00000012  00000+0  25189-4 0  9995
2 59051  98.6987  86.4388 0006032 295.0876  64.9675 14.22425148113357
GOES 19                 
1 60133U 24119A   26126.60384939 -.00000241  00000+0  00000+0 0  9995
2 60133   0.0061  21.0107 0000881  78.6693 266.9858  1.00271742  6542
FENGYUN 3H              
1 65815U 25219A   26126.53633516  .00000059  00000+0  48121-4 0  9996
2 65815  98.6751  68.1206 0001262 106.1303 254.0012 14.19912864 31475
